"neighborhood","num_venues","num_events","num_artists","avg_pop","range_pop","avg_discovery","range_discovery","avg_familiar","range_familiar","avg_hot","range_hot"
"Downtown/Civic Center",15,338,448,0.0207242532666697,0.356722,0.45258675343367,0.89277707875796,0.417114448430493,0.768252,0.549807518348624,0.991027
"South of Market",8,178,310,0.010321994409502,0.409475,0.410723427222873,0.6919160723222,0.377558045614035,0.852283,0.460899454545455,0.901034
"Mission",8,140,244,0.0075576036650474,0.079004,0.425641459948433,0.75015459946193,0.365903744292237,0.664877,0.484411621495327,0.844308
"Western Addition",4,109,186,0.0360994488593299,0.428914,0.477008078311167,0.75525077383661,0.425411541436464,0.766003,0.578463846590909,0.875568
"Financial District",3,50,68,0.00373816453612085,0.07798,0.382584718937551,0.6524655403016,0.322388508196721,0.595563,0.427270083333333,0.751847
"Bernal Heights",2,10,24,0.000326458320633568,0.002219,0.313839755650772,0.53358340032273,0.297675153846154,0.549238,0.340752666666667,0.557865
"Castro/Upper Market",2,16,21,0.0120798260329593,0.098659,0.509663644647063,0.75889159094673,0.4296543,0.591872,0.592436,0.803446
"North Beach",2,2,2,1.0500000371394e-05,3e-06,0.1976700668315,0.105634243519,0.1303855,0.011193,0.206502,0.110354
"Potrero Hill",2,59,148,0.00276516559069556,0.024962,0.412280899172019,0.69510839192696,0.3250203515625,0.597587,0.466774571428571,0.808893
"Nob Hill",1,9,12,0.0850106937667498,0.148581,0.46727102869883,0.60702061008021,0.636192769230769,0.510342,0.7986105,0.254025
"Haight Ashbury",1,10,16,0.000622437494612882,0.006561,0.3821509107041,0.41896708965,0.276468272727273,0.342843,0.4061753,0.494971
"Golden Gate Park",1,1,1,0.0148910004645586,0,0.648635355947,0,0.509019,0,0.789336,0
"Russian Hill",1,13,20,0.00625657132773735,0.025371,0.405132614266941,0.58217964278,0.392503294117647,0.304156,0.500281117647059,0.577441
"Marina",1,4,5,0.0147497995872982,0.042695,0.4712448993544,0.230582606337,0.5229756,0.245881,0.602863,0.426371
"Inner Richmond",1,20,36,0.000300447367112012,0.001946,0.306005710815387,0.53276592525173,0.256404038461538,0.482223,0.33085216,0.487652
